73 70 72 69 6e 67 2e 61  70 70 6c 69 63 61 74 69
6f 6e 2e 6e 61 6d 65 3d  67 65 73 74 69 6f 6e 2d
64 65 73 2d 73 74 61 67  69 61 69 72 65 73 0a 23
20 44 61 74 61 62 61 73  65 20 43 6f 6e 66 69 67
75 72 61 74 69 6f 6e 0a  73 70 72 69 6e 67 2e 64
61 74 61 73 6f 75 72 63  65 2e 75 72 6c 3d 6a 64
62 63 3a 70 6f 73 74 67  72 65 73 71 6c 3a 2f 2f
6c 6f 63 61 6c 68 6f 73  74 3a 35 34 33 32 2f 67
65 73 74 69 6f 6e 5f 73  74 61 67 69 61 69 72 65
73 0a 73 70 72 69 6e 67  2e 64 61 74 61 73 6f 75
72 63 65 2e 75 73 65 72  6e 61 6d 65 3d 61 68 6d
65 64 0a 73 70 72 69 6e  67 2e 64 61 74 61 73 6f
75 72 63 65 2e 70 61 73  73 77 6f 72 64 3d 61 68
6d 65 64 0a 73 70 72 69  6e 67 2e 64 61 74 61 73
6f 75 72 63 65 2e 64 72  69 76 65 72 2d 63 6c 61
73 73 2d 6e 61 6d 65 3d  6f 72 67 2e 70 6f 73 74
67 72 65 73 71 6c 2e 44  72 69 76 65 72 0a 0a 0a
73 70 72 69 6e 67 2e 73  65 73 73 69 6f 6e 2e 6a
64 62 63 2e 69 6e 69 74  69 61 6c 69 7a 65 2d 73
63 68 65 6d 61 3d 61 6c  77 61 79 73 0a 0a 0a 23
20 52 75 6e 20 64 61 74  61 2e 73 71 6c 20 61 66
74 65 72 20 48 69 62 65  72 6e 61 74 65 20 44 44
4c 20 74 6f 20 66 69 78  20 73 74 61 6c 65 20 43
48 45 43 4b 20 63 6f 6e  73 74 72 61 69 6e 74 73
0a 73 70 72 69 6e 67 2e  6a 70 61 2e 64 65 66 65
72 2d 64 61 74 61 73 6f  75 72 63 65 2d 69 6e 69
74 69 61 6c 69 7a 61 74  69 6f 6e 3d 74 72 75 65
0a 73 70 72 69 6e 67 2e  73 71 6c 2e 69 6e 69 74
2e 6d 6f 64 65 3d 61 6c  77 61 79 73 0a 0a 23 20
4a 50 41 20 43 6f 6e 66  69 67 75 72 61 74 69 6f
6e 0a 73 70 72 69 6e 67  2e 6a 70 61 2e 68 69 62
65 72 6e 61 74 65 2e 64  64 6c 2d 61 75 74 6f 3d
75 70 64 61 74 65 0a 73  70 72 69 6e 67 2e 6a 70
61 2e 73 68 6f 77 2d 73  71 6c 3d 66 61 6c 73 65
0a 73 70 72 69 6e 67 2e  6a 70 61 2e 70 72 6f 70
65 72 74 69 65 73 2e 68  69 62 65 72 6e 61 74 65
2e 66 6f 72 6d 61 74 5f  73 71 6c 3d 66 61 6c 73
65 0a 73 70 72 69 6e 67  2e 6a 70 61 2e 70 72 6f
70 65 72 74 69 65 73 2e  68 69 62 65 72 6e 61 74
65 2e 64 69 61 6c 65 63  74 3d 6f 72 67 2e 68 69
62 65 72 6e 61 74 65 2e  64 69 61 6c 65 63 74 2e
50 6f 73 74 67 72 65 53  51 4c 44 69 61 6c 65 63
74 0a 0a 23 20 4a 57 54  20 43 6f 6e 66 69 67 75
72 61 74 69 6f 6e 0a 61  70 70 6c 69 63 61 74 69
6f 6e 2e 73 65 63 75 72  69 74 79 2e 6a 77 74 2e
73 65 63 72 65 74 2d 6b  65 79 3d 34 30 34 45 36
33 35 32 36 36 35 35 36  41 35 38 36 45 33 32 37
32 33 35 37 35 33 38 37  38 32 46 34 31 33 46 34
34 32 38 34 37 32 42 34  42 36 32 35 30 36 34 35
33 36 37 35 36 36 42 35  39 37 30 0a 61 70 70 6c
69 63 61 74 69 6f 6e 2e  73 65 63 75 72 69 74 79
2e 6a 77 74 2e 65 78 70  69 72 61 74 69 6f 6e 3d
38 36 34 30 30 30 30 30  0a 61 70 70 6c 69 63 61
74 69 6f 6e 2e 73 65 63  75 72 69 74 79 2e 6a 77
74 2e 72 65 66 72 65 73  68 2d 74 6f 6b 65 6e 2e
65 78 70 69 72 61 74 69  6f 6e 3d 36 30 34 38 30
30 30 30 30 0a 0a 23 20  53 65 72 76 65 72 20 43
6f 6e 66 69 67 75 72 61  74 69 6f 6e 0a 73 65 72
76 65 72 2e 70 6f 72 74  3d 38 30 38 36 0a 0a 23
20 4d 75 6c 74 69 70 61  72 74 20 66 69 6c 65 20
75 70 6c 6f 61 64 0a 73  70 72 69 6e 67 2e 73 65
72 76 6c 65 74 2e 6d 75  6c 74 69 70 61 72 74 2e
6d 61 78 2d 66 69 6c 65  2d 73 69 7a 65 3d 31 30
4d 42 0a 73 70 72 69 6e  67 2e 73 65 72 76 6c 65
74 2e 6d 75 6c 74 69 70  61 72 74 2e 6d 61 78 2d
72 65 71 75 65 73 74 2d  73 69 7a 65 3d 32 30 4d
42 0a 0a 23 20 6e 38 6e  20 57 65 62 68 6f 6f 6b
73 0a 61 70 70 2e 6e 38  6e 2e 65 6e 61 62 6c 65
64 3d 74 72 75 65 0a 61  70 70 2e 6e 38 6e 2e 77
65 62 68 6f 6f 6b 2e 63  6f 6e 66 69 72 6d 61 74
69 6f 6e 2d 63 61 6e 64  69 64 61 74 75 72 65 3d
68 74 74 70 3a 2f 2f 6c  6f 63 61 6c 68 6f 73 74
3a 35 36 37 38 2f 77 65  62 68 6f 6f 6b 2d 74 65
73 74 2f 63 6f 6e 66 69  72 6d 61 74 69 6f 6e 2d
63 61 6e 64 69 64 61 74  75 72 65 0a 61 70 70 2e
6e 38 6e 2e 77 65 62 68  6f 6f 6b 2e 73 74 61 74
75 74 2d 63 61 6e 64 69  64 61 74 75 72 65 3d 68
74 74 70 3a 2f 2f 6c 6f  63 61 6c 68 6f 73 74 3a
35 36 37 38 2f 77 65 62  68 6f 6f 6b 2d 74 65 73
74 2f 73 74 61 74 75 74  2d 63 61 6e 64 69 64 61
74 75 72 65 0a 23 20 54  6f 6b 65 6e 20 70 61 72
74 61 67 e9 20 65 6e 74  72 65 20 6e 38 6e 20 65
74 20 6c 65 20 62 61 63  6b 65 6e 64 20 28 e0 20
63 68 61 6e 67 65 72 20  65 6e 20 70 72 6f 64 75
63 74 69 6f 6e 20 21 29  0a 61 70 70 2e 6e 38 6e
2e 61 70 69 2d 74 6f 6b  65 6e 3d 6f 6f 72 65 64
6f 6f 2d 6e 38 6e 2d 73  65 63 72 65 74 2d 32 30
32 36 0a 0a 23 20 46 72  6f 6e 74 65 6e 64 20 55
52 4c 20 28 70 6f 75 72  20 6c 65 73 20 72 65 64
69 72 65 63 74 69 6f 6e  73 29 0a 61 70 70 2e 66
72 6f 6e 74 65 6e 64 2e  75 72 6c 3d 68 74 74 70
3a 2f 2f 6c 6f 63 61 6c  68 6f 73 74 3a 34 32 30
30 0a
